Topic,Department
Government Operations,Treasury
Government Operations,President
Government Operations,Commerce
Government Operations,President
Government Operations,President
Government Operations,President 
Government Operations,President
Government Operations,Personnel Management
Government Operations,Personnel Management
Government Operations,General Services Administration
Government Operations,Personnel Management
Government Operations,Personnel Management
Government Operations,President
Government Operations,President
Government Operations,President
Government Operations,Energy
Government Operations,President
Government Operations,Commerce
Government Operations,Commerce
Government Operations,Commerce
Government Operations,President
Government Operations,Energy
Government Operations,HHS
Government Operations,NASA
Government Operations,National Science Foundation
Government Operations,HHS
Government Operations,Agriculture
Government Operations,Energy
Government Operations,Justice
Government Operations,Treasury
Government Operations,VA
Government Operations,State
Government Operations,General Services Administration
Government Operations,Education
Government Operations,President
Government Operations,General Services Administration
Government Operations,Commerce
Government Operations,Small Business
Government Operations,Defense
Government Operations,Defense
Government Operations,Defense
Government Operations,Defense
Government Operations,Defense
Government Operations,Defense
Government Operations,Defense
Government Operations,Defense
Government Operations,Defense
Government Operations,Defense
Government Operations,NASA
Government Operations,NASA
Government Operations,NASA
Government Operations,President
Government Operations,President
Government Operations,Social Security 
Government Operations,Social Security 
Government Operations,Commerce
Government Operations,Commerce
Government Operations,Personnel Management
Government Operations,Personnel Management
Government Operations,Personnel Management
Government Operations,Justice
Government Operations,Justice
Government Operations,Justice
Government Operations,Justice
Government Operations,Justice
Government Operations,Justice
Government Operations,Justice
Government Operations,Justice
Government Operations,General Services Administration
Government Operations,Interior
Government Operations,Interior
Government Operations,President
Government Operations,President
Government Operations,HHS
Government Operations,HHS
Government Operations,General Services Administration
Government Operations,HHS
Government Operations,General Services Administration
Government Operations,Personnel Management
Government Operations,President
Government Operations,President
Government Operations,State
Government Operations,State
Government Operations,State
Government Operations,State
Government Operations,State
Government Operations,State
Government Operations,State
Government Operations,State
Government Operations,Commerce
Government Operations,Defense
Government Operations,Small Business
Government Operations,Small Business
Government Operations,Personnel Management
Government Operations,Personnel Management
Government Operations,NASA
Government Operations,President
Government Operations,President
Government Operations,Commerce
Government Operations,Commerce
Government Operations,Commerce
Government Operations,Nuclear
Government Operations,Small Business
Government Operations,General Services Administration
Government Operations,Defense
Government Operations,Defense
Government Operations,Defense
Government Operations,Small Business
Government Operations,Commerce
Government Operations,Small Business
Government Operations,Commerce
Government Operations,Commerce
Government Operations,Commerce
Government Operations,HHS
Government Operations,Commerce
Government Operations,Commerce
Government Operations,Treasury
Government Operations,President
Cybersecurity,NASA
Cybersecurity,NASA
Cybersecurity,NASA
Cybersecurity,NASA
Cybersecurity,NASA
Cybersecurity,Personnel Management
Cybersecurity,Personnel Management
Cybersecurity,Personnel Management
Cybersecurity,Transportation
Cybersecurity,Transportation
Cybersecurity,Treasury
Cybersecurity,Treasury
Cybersecurity,General Services Administration
Cybersecurity,Personnel Management
Cybersecurity,Personnel Management
Cybersecurity,Personnel Management
Cybersecurity,Education
Cybersecurity,President
Cybersecurity,President
Cybersecurity,President
Cybersecurity,Nuclear
Cybersecurity,Small Business
Cybersecurity,Justice
Cybersecurity,Justice
Cybersecurity,Commerce
Cybersecurity,Transportation
Cybersecurity,Personnel Management
Cybersecurity,Personnel Management
Cybersecurity,HHS
Cybersecurity,Agriculture
Cybersecurity,Energy
Cybersecurity,Justice
Cybersecurity,Treasury
Cybersecurity,VA
Cybersecurity,State
Cybersecurity,VA
Cybersecurity,Defense
Cybersecurity,Defense
Cybersecurity,Defense
Cybersecurity,Defense
Cybersecurity,Defense
Cybersecurity,Defense
Cybersecurity,Defense
Cybersecurity,Defense
Cybersecurity,Defense
Cybersecurity,Defense
Cybersecurity,NASA
Cybersecurity,NASA
Cybersecurity,NASA
Cybersecurity,HUD
Cybersecurity,Defense
Cybersecurity,Treasury
Cybersecurity,President
Cybersecurity,President
Cybersecurity,Commerce
Cybersecurity,Defense
Cybersecurity,Small Business
Cybersecurity,Small Business
Cybersecurity,HUD
Cybersecurity,HUD
Cybersecurity,EPA
Cybersecurity,Treasury
Cybersecurity,Treasury
Cybersecurity,EPA
Cybersecurity,EPA
Cybersecurity,EPA
Cybersecurity,EPA
Cybersecurity,EPA